TICKER,DATE,TIME,ACTUAL_RELEASE,SURVEY_MEDIAN,SURVEY_AVG,SURVEY_HIGH,SURVEY_LOW,REVISION_TOT,REVISION,
NFP TCH,20110708,08:30:00,18,105,107,175,60,25,-29,
NFP PCH,20110708,08:30:00,57,132,132,200,55,73,-10,
USMMMNCH,20110708,08:30:00,6,5,4,20,-10,-2,3,
USURTOT,20110708,08:30:00,9.2,9.1,9.1,9.2,8.9,NA,NA,
AWH TOTL,20110708,08:30:00,34.3,34.4,34.4,34.5,34.4,34.4,0,
AHE YOY,20110708,08:30:00,1.9,1.9,1.9,2.2,1.8,1.9,0.1,
AHE MOM,20110708,08:30:00,0,0.2,0.2,0.3,0.1,0.3,0,
USEMNCHG,20110708,08:30:00,-445,NA,NA,NA,NA,NA,NA,
NFP TCH,20110805,08:30:00,117,85,84,150,0,46,28,
NFP PCH,20110805,08:30:00,154,113,110,150,70,80,23,
USMMMNCH,20110805,08:30:00,24,10,10,25,-10,11,5,
USURTOT,20110805,08:30:00,9.1,9.2,9.2,9.4,9.1,NA,NA,
AWH TOTL,20110805,08:30:00,34.3,34.3,34.3,34.4,34.2,34.3,0,
AHE YOY,20110805,08:30:00,2.3,1.9,1.9,2,1.8,2,0.1,
AHE MOM,20110805,08:30:00,0.4,0.2,0.2,0.3,0,0,0,
USEMNCHG,20110805,08:30:00,-38,NA,NA,NA,NA,NA,NA,
NFP TCH,20110902,08:30:00,0,68,66,160,-20,85,-32,
NFP PCH,20110902,08:30:00,17,95,90,156,5,156,2,
USMMMNCH,20110902,08:30:00,-3,0,3,20,-10,36,12,
USURTOT,20110902,08:30:00,9.1,9.1,9.1,9.2,9,NA,NA,
AWH TOTL,20110902,08:30:00,34.2,34.3,34.3,34.4,34,34.3,0,
AHE YOY,20110902,08:30:00,1.9,2.2,2.2,2.5,2,2.3,0,
AHE MOM,20110902,08:30:00,-0.1,0.2,0.2,0.3,0,0.4,0,
USEMNCHG,20110902,08:30:00,331,NA,NA,NA,NA,NA,NA,
USUDMAER,20110902,08:30:00,16.2,NA,NA,NA,NA,NA,NA,
NFP TCH,20111007,08:30:00,103,60,56,115,-50,57,57,
NFP PCH,20111007,08:30:00,137,90,94,157,50,42,25,
USMMMNCH,20111007,08:30:00,-13,0,1,20,-15,-4,-1,
USURTOT,20111007,08:30:00,9.1,9.1,9.1,9.2,9,NA,NA,
AWH TOTL,20111007,08:30:00,34.3,34.2,34.2,34.3,34.2,34.2,0,
AHE YOY,20111007,08:30:00,1.9,1.9,1.9,1.9,1.8,1.8,-0.1,
AHE MOM,20111007,08:30:00,0.2,0.2,0.2,0.5,0.1,-0.1,0,
USEMNCHG,20111007,08:30:00,398,NA,NA,NA,NA,NA,NA,
USUDMAER,20111007,08:30:00,16.5,NA,NA,NA,NA,NA,NA,
NFP TCH,20111104,08:30:00,80,95,95,150,50,158,55,
NFP PCH,20111104,08:30:00,104,125,124,175,75,191,54,
USMMMNCH,20111104,08:30:00,5,2,1,15,-20,-3,10,
USURTOT,20111104,08:30:00,9,9.1,9.1,9.2,8.9,NA,NA,
AWH TOTL,20111104,08:30:00,34.3,34.3,34.3,34.4,34.3,34.3,0,
AHE YOY,20111104,08:30:00,1.8,1.8,1.8,2.1,1.7,1.9,0,
AHE MOM,20111104,08:30:00,0.2,0.2,0.2,0.3,0,0.2,0,
USEMNCHG,20111104,08:30:00,277,NA,NA,NA,NA,NA,NA,
USUDMAER,20111104,08:30:00,16.2,NA,NA,NA,NA,NA,NA,
NFP TCH,20111202,08:30:00,120,125,127,175,75,100,20,
NFP PCH,20111202,08:30:00,140,150,152,190,110,117,13,
USMMMNCH,20111202,08:30:00,2,9,8,15,0,6,1,
USURTOT,20111202,08:30:00,8.6,9,9,9.1,8.9,NA,NA,
AWH TOTL,20111202,08:30:00,34.3,34.3,34.3,34.4,34.3,34.3,0,
AHE YOY,20111202,08:30:00,1.8,2,2,2.1,1.7,1.9,0.1,
AHE MOM,20111202,08:30:00,-0.1,0.2,0.2,0.3,0,0.2,0,
USEMNCHG,20111202,08:30:00,278,NA,NA,NA,NA,NA,NA,
USUDMAER,20111202,08:30:00,15.6,NA,NA,NA,NA,NA,NA,
NFP TCH,20120106,08:30:00,200,155,156,220,80,100,-20,
NFP PCH,20120106,08:30:00,212,175,177,230,130,120,-20,
USMMMNCH,20120106,08:30:00,23,6,9,20,5,1,-1,
USURTOT,20120106,08:30:00,8.5,8.7,8.7,8.8,8.5,NA,NA,
AWH TOTL,20120106,08:30:00,34.4,34.3,34.3,34.4,34.3,34.3,0,
AHE YOY,20120106,08:30:00,2.1,2.1,2,2.2,1.9,1.9,0.1,
AHE MOM,20120106,08:30:00,0.2,0.2,0.2,0.3,0,-0.1,0,
USEMNCHG,20120106,08:30:00,176,NA,NA,NA,NA,NA,NA,
USUDMAER,20120106,08:30:00,15.2,NA,NA,NA,NA,NA,NA,
NFP TCH,20120203,08:30:00,243,140,146,225,95,203,3,
NFP PCH,20120203,08:30:00,257,160,162,250,110,220,8,
USMMMNCH,20120203,08:30:00,50,12,14,25,9,32,9,
USURTOT,20120203,08:30:00,8.3,8.5,8.5,8.7,8.3,NA,NA,
AWH TOTL,20120203,08:30:00,34.5,34.4,34.4,34.5,34.3,34.5,0.1,
AHE YOY,20120203,08:30:00,1.9,1.9,1.9,2,1.8,2.1,0,
AHE MOM,20120203,08:30:00,0.2,0.2,0.2,0.3,0,0.2,0,
USEMNCHG,20120203,08:30:00,847,NA,NA,NA,NA,NA,NA,
USUDMAER,20120203,08:30:00,15.1,NA,NA,NA,NA,NA,NA,
NFP TCH,20120309,08:30:00,227,210,212,275,125,284,41,
NFP PCH,20120309,08:30:00,233,225,228,290,120,285,28,
USMMMNCH,20120309,08:30:00,31,24,24,50,0,52,2,
USURTOT,20120309,08:30:00,8.3,8.3,8.3,8.5,8.1,NA,NA,
AWH TOTL,20120309,08:30:00,34.5,34.5,34.5,34.6,34.4,34.5,0,
AHE YOY,20120309,08:30:00,1.9,2,2,2,1.9,1.8,-0.1,
AHE MOM,20120309,08:30:00,0.1,0.2,0.2,0.4,0.1,0.2,0,
USEMNCHG,20120309,08:30:00,428,NA,NA,NA,NA,NA,NA,
USUDMAER,20120309,08:30:00,14.9,NA,NA,NA,NA,NA,NA,
NFP TCH,20120406,08:30:00,120,205,208,250,175,240,13,
NFP PCH,20120406,08:30:00,121,218,220,265,185,233,0,
USMMMNCH,20120406,08:30:00,37,20,20,35,-15,31,0,
USURTOT,20120406,08:30:00,8.2,8.3,8.3,8.4,8.1,NA,NA,
AWH TOTL,20120406,08:30:00,34.5,34.5,34.5,34.6,34.5,34.6,0.1,
AHE YOY,20120406,08:30:00,2.1,1.9,1.9,2,1.8,2,0.1,
AHE MOM,20120406,08:30:00,0.2,0.2,0.2,0.2,0.1,0.1,0,
USEMNCHG,20120406,08:30:00,-31,NA,NA,NA,NA,NA,NA,
USUDMAER,20120406,08:30:00,14.5,NA,NA,NA,NA,NA,NA,
NFP TCH,20120504,08:30:00,115,160,158,210,89,154,34,
NFP PCH,20120504,08:30:00,130,165,166,209,105,166,45,
USMMMNCH,20120504,08:30:00,16,20,20,35,0,41,4,
USURTOT,20120504,08:30:00,8.1,8.2,8.2,8.3,8.1,NA,NA,
AWH TOTL,20120504,08:30:00,34.5,34.5,34.5,34.6,34.1,34.5,0,
AHE YOY,20120504,08:30:00,1.8,2,2,2.1,1.9,2,-0.1,
AHE MOM,20120504,08:30:00,0,0.2,0.2,0.3,0.1,0.2,0,
USEMNCHG,20120504,08:30:00,-169,NA,NA,NA,NA,NA,NA,
USUDMAER,20120504,08:30:00,14.5,NA,NA,NA,NA,NA,NA,
NFP TCH,20120601,08:30:00,69,150,149,195,75,77,-38,
NFP PCH,20120601,08:30:00,82,164,160,190,80,87,-43,
USMMMNCH,20120601,08:30:00,12,15,17,35,0,9,-7,
USURTOT,20120601,08:30:00,8.2,8.1,8.1,8.2,8,NA,NA,
AWH TOTL,20120601,08:30:00,34.4,34.5,34.5,34.5,34.4,34.5,0,
AHE YOY,20120601,08:30:00,1.7,1.8,1.8,1.8,1.7,1.8,0,
AHE MOM,20120601,08:30:00,0.1,0.2,0.2,0.3,0,0,0,
USEMNCHG,20120601,08:30:00,422,NA,NA,NA,NA,NA,NA,
USUDMAER,20120601,08:30:00,14.8,NA,NA,NA,NA,NA,NA,
NFP TCH,20120706,08:30:00,80,100,98,165,35,77,8,
NFP PCH,20120706,08:30:00,84,106,109,175,45,105,23,
USMMMNCH,20120706,08:30:00,11,7,8,17,-3,9,-3,
USURTOT,20120706,08:30:00,8.2,8.2,8.2,8.3,8,NA,NA,
AWH TOTL,20120706,08:30:00,34.5,34.4,34.4,34.5,34.3,34.4,0,
AHE YOY,20120706,08:30:00,2,1.7,1.7,1.8,1.6,1.8,0.1,
AHE MOM,20120706,08:30:00,0.3,0.2,0.2,0.2,0.1,0.1,0,
USEMNCHG,20120706,08:30:00,128,NA,NA,NA,NA,NA,NA,
USUDMAER,20120706,08:30:00,14.9,NA,NA,NA,NA,NA,NA,
NFP TCH,20120803,08:30:00,163,100,101,165,50,64,-16,
NFP PCH,20120803,08:30:00,172,110,116,180,80,73,-11,
USMMMNCH,20120803,08:30:00,25,10,8,15,-10,10,-1,
USURTOT,20120803,08:30:00,8.3,8.2,8.2,8.3,8.1,NA,NA,
AWH TOTL,20120803,08:30:00,34.5,34.5,34.5,34.5,33.8,34.5,0,
AHE YOY,20120803,08:30:00,1.7,1.7,1.8,2.2,1.3,2,0,
AHE MOM,20120803,08:30:00,0.1,0.2,0.2,0.3,0.1,0.3,0,
USEMNCHG,20120803,08:30:00,-195,NA,NA,NA,NA,NA,NA,
USUDMAER,20120803,08:30:00,15,NA,NA,NA,NA,NA,NA,
NFP TCH,20120907,08:30:00,96,130,128,185,70,141,-22,
NFP PCH,20120907,08:30:00,103,142,137,192,80,162,-10,
USMMMNCH,20120907,08:30:00,-15,10,8,20,-5,23,-2,
USURTOT,20120907,08:30:00,8.1,8.3,8.3,8.4,8.1,NA,NA,
AWH TOTL,20120907,08:30:00,34.4,34.5,34.5,34.6,34.4,34.4,-0.1,
AHE YOY,20120907,08:30:00,1.7,1.9,1.9,2,1.7,1.7,0,
AHE MOM,20120907,08:30:00,0,0.2,0.2,0.3,0.1,0.5,0.4,
USEMNCHG,20120907,08:30:00,-119,NA,NA,NA,NA,NA,NA,
USUDMAER,20120907,08:30:00,14.7,NA,NA,NA,NA,NA,NA,
NFP TCH,20121005,08:30:00,114,115,115,165,60,142,46,
NFP PCH,20121005,08:30:00,104,130,127,165,85,97,-6,
USMMMNCH,20121005,08:30:00,-16,0,0,10,-13,-22,-7,
USURTOT,20121005,08:30:00,7.8,8.2,8.2,8.3,8,NA,NA,
AWH TOTL,20121005,08:30:00,34.5,34.4,34.4,34.5,34.2,34.4,0,
AHE YOY,20121005,08:30:00,1.8,1.8,1.7,1.8,1.6,1.7,0,
AHE MOM,20121005,08:30:00,0.3,0.2,0.2,0.3,0,-0.2,-0.2,
USEMNCHG,20121005,08:30:00,873,NA,NA,NA,NA,NA,NA,
USUDMAER,20121005,08:30:00,14.7,NA,NA,NA,NA,NA,NA,
NFP TCH,20121102,08:30:00,171,125,122,154,30,148,34,
NFP PCH,20121102,08:30:00,184,123,123,157,74,128,24,
USMMMNCH,20121102,08:30:00,13,-5,-3,10,-15,-14,2,
USURTOT,20121102,08:30:00,7.9,7.9,7.9,8,7.7,NA,NA,
AWH TOTL,20121102,08:30:00,34.4,34.5,34.5,34.5,34.4,34.4,-0.1,
AHE YOY,20121102,08:30:00,1.6,1.7,1.7,1.8,1.6,1.9,0.1,
AHE MOM,20121102,08:30:00,0,0.2,0.2,0.3,0,0.3,0,
USEMNCHG,20121102,08:30:00,410,NA,NA,NA,NA,NA,NA,
USUDMAER,20121102,08:30:00,14.6,NA,NA,NA,NA,NA,NA,
NFP TCH,20121207,08:30:00,146,85,86,145,15,138,-33,
NFP PCH,20121207,08:30:00,147,90,91,155,20,189,5,
USMMMNCH,20121207,08:30:00,-7,-4,-3,15,-20,10,-3,
USURTOT,20121207,08:30:00,7.7,7.9,7.9,8.1,7.9,NA,NA,
AWH TOTL,20121207,08:30:00,34.4,34.4,34.4,34.5,34.2,34.4,0,
AHE YOY,20121207,08:30:00,1.7,1.7,1.7,1.8,1.5,1.6,0,
AHE MOM,20121207,08:30:00,0.2,0.2,0.1,0.3,-0.1,0.3,0.3,
USEMNCHG,20121207,08:30:00,-122,NA,NA,NA,NA,NA,NA,
USUDMAER,20121207,08:30:00,14.4,NA,NA,NA,NA,NA,NA,
NFP TCH,20130104,08:30:00,155,152,157,305,80,161,15,
NFP PCH,20130104,08:30:00,168,155,158,220,100,171,24,
USMMMNCH,20130104,08:30:00,25,4,2,15,-15,5,12,
USURTOT,20130104,08:30:00,7.8,7.7,7.7,7.9,7.6,NA,NA,
AWH TOTL,20130104,08:30:00,34.5,34.4,34.4,34.5,34.4,34.4,0,
AHE YOY,20130104,08:30:00,2.1,1.7,1.7,1.8,1.5,1.9,0.2,
AHE MOM,20130104,08:30:00,0.3,0.2,0.2,0.2,0,0,-0.2,
USEMNCHG,20130104,08:30:00,28,NA,NA,NA,NA,NA,NA,
USUDMAER,20130104,08:30:00,14.4,NA,NA,NA,NA,NA,NA,
NFP TCH,20130201,08:30:00,157,165,164,230,115,196,41,
NFP PCH,20130201,08:30:00,166,168,170,238,125,202,34,
USMMMNCH,20130201,08:30:00,4,10,10,34,-15,8,-17,
USURTOT,20130201,08:30:00,7.9,7.8,7.8,7.9,7.6,NA,NA,
AWH TOTL,20130201,08:30:00,34.4,34.5,34.5,34.6,34.3,34.5,0,
AHE YOY,20130201,08:30:00,2.1,2.1,2.1,2.2,1.9,2.1,0,
AHE MOM,20130201,08:30:00,0.2,0.1,0.2,0.3,0,0.3,0,
USEMNCHG,20130201,08:30:00,17,NA,NA,NA,NA,NA,NA,
USUDMAER,20130201,08:30:00,14.4,NA,NA,NA,NA,NA,NA,
NFP TCH,20130308,08:30:00,236,165,166,260,121,119,-38,
NFP PCH,20130308,08:30:00,246,170,175,235,129,140,-26,
USMMMNCH,20130308,08:30:00,14,9,8,18,-3,12,8,
USURTOT,20130308,08:30:00,7.7,7.9,7.9,8,7.7,NA,NA,
AWH TOTL,20130308,08:30:00,34.5,34.4,34.4,34.5,34.3,34.4,0,
AHE YOY,20130308,08:30:00,2.1,2.1,2.1,2.3,2,2.1,0,
AHE MOM,20130308,08:30:00,0.2,0.2,0.2,0.4,0.1,0.1,-0.1,
USEMNCHG,20130308,08:30:00,170,NA,NA,NA,NA,NA,NA,
USUDMAER,20130308,08:30:00,14.3,NA,NA,NA,NA,NA,NA,
NFP TCH,20130405,08:30:00,88,190,190,366,100,268,32,
NFP PCH,20130405,08:30:00,95,200,199,260,115,254,8,
USMMMNCH,20130405,08:30:00,-3,10,11,21,3,19,5,
USURTOT,20130405,08:30:00,7.6,7.7,7.7,7.8,7.6,NA,NA,
AWH TOTL,20130405,08:30:00,34.6,34.5,34.5,34.6,34.4,34.5,0,
AHE YOY,20130405,08:30:00,1.8,2,2.1,2.2,2,2.1,0,
AHE MOM,20130405,08:30:00,0,0.2,0.2,0.3,0.1,0.1,-0.1,
USEMNCHG,20130405,08:30:00,-206,NA,NA,NA,NA,NA,NA,
USUDMAER,20130405,08:30:00,13.8,NA,NA,NA,NA,NA,NA,
NFP TCH,20130503,08:30:00,165,140,143,238,100,138,50,
NFP PCH,20130503,08:30:00,176,150,154,220,105,154,59,
USMMMNCH,20130503,08:30:00,0,5,3,10,-10,2,5,
USURTOT,20130503,08:30:00,7.5,7.6,7.6,7.7,7.5,NA,NA,
AWH TOTL,20130503,08:30:00,34.4,34.6,34.6,34.7,34.5,34.6,0,
AHE YOY,20130503,08:30:00,1.9,1.9,1.9,1.9,1.8,1.8,0,
AHE MOM,20130503,08:30:00,0.2,0.2,0.2,0.3,0.1,0,0,
USEMNCHG,20130503,08:30:00,293,NA,NA,NA,NA,NA,NA,
USUDMAER,20130503,08:30:00,13.9,NA,NA,NA,NA,NA,NA,
NFP TCH,20130607,08:30:00,175,163,164,290,80,149,-16,
NFP PCH,20130607,08:30:00,178,175,175,220,95,157,-19,
USMMMNCH,20130607,08:30:00,-8,4,3,15,-5,-9,-9,
USURTOT,20130607,08:30:00,7.6,7.5,7.5,7.7,7.4,NA,NA,
AWH TOTL,20130607,08:30:00,34.5,34.5,34.5,34.5,34.4,34.5,0.1,
AHE YOY,20130607,08:30:00,2,2.1,2.1,2.3,1.9,2,0.1,
AHE MOM,20130607,08:30:00,0,0.2,0.2,0.4,0.1,0.2,0,
USEMNCHG,20130607,08:30:00,319,NA,NA,NA,NA,NA,NA,
USUDMAER,20130607,08:30:00,13.8,NA,NA,NA,NA,NA,NA,
NFP TCH,20130705,08:30:00,195,166,166,220,77,195,20,
NFP PCH,20130705,08:30:00,202,175,172,200,85,207,29,
USMMMNCH,20130705,08:30:00,-6,0,-1,8,-12,-7,1,
USURTOT,20130705,08:30:00,7.6,7.5,7.5,7.7,7.4,NA,NA,
AWH TOTL,20130705,08:30:00,34.5,34.5,34.5,34.6,34.5,34.5,0,
AHE YOY,20130705,08:30:00,2.2,1.9,1.9,2,1.8,2,0,
AHE MOM,20130705,08:30:00,0.4,0.2,0.2,0.3,0,0.1,0.1,
USEMNCHG,20130705,08:30:00,160,NA,NA,NA,NA,NA,NA,
USUDMAER,20130705,08:30:00,14.3,NA,NA,NA,NA,NA,NA,
NFP TCH,20130802,08:30:00,162,185,184,225,23,188,-7,
NFP PCH,20130802,08:30:00,161,195,195,225,163,196,-6,
USMMMNCH,20130802,08:30:00,6,2,2,15,-10,-3,3,
USURTOT,20130802,08:30:00,7.4,7.5,7.5,7.7,7.4,NA,NA,
AWH TOTL,20130802,08:30:00,34.4,34.5,34.5,34.6,34.4,34.5,0,
AHE YOY,20130802,08:30:00,1.9,2.2,2.2,2.3,2,2.1,-0.1,
AHE MOM,20130802,08:30:00,-0.1,0.2,0.2,0.3,0,0.4,0,
USEMNCHG,20130802,08:30:00,227,NA,NA,NA,NA,NA,NA,
USUDMAER,20130802,08:30:00,14,NA,NA,NA,NA,NA,NA,
NFP TCH,20130906,08:30:00,169,180,179,220,79,104,-58,
NFP PCH,20130906,08:30:00,152,180,180,230,95,127,-34,
USMMMNCH,20130906,08:30:00,14,5,5,10,-5,-16,-22,
USURTOT,20130906,08:30:00,7.3,7.4,7.4,7.5,7.3,NA,NA,
AWH TOTL,20130906,08:30:00,34.5,34.5,34.5,34.5,34.4,34.4,0,
AHE YOY,20130906,08:30:00,2.2,2.1,2.1,2.3,2,2,0.1,
AHE MOM,20130906,08:30:00,0.2,0.2,0.2,0.4,-0.1,0,0.1,
USEMNCHG,20130906,08:30:00,-115,NA,NA,NA,NA,NA,NA,
PRUSTOT,20130906,08:30:00,63.2,NA,NA,NA,NA,NA,NA,
USUDMAER,20130906,08:30:00,13.7,NA,NA,NA,NA,NA,NA,
NFP TCH,20131022,08:30:00,148,180,180,256,100,193,24,
NFP PCH,20131022,08:30:00,126,180,180,245,95,161,9,
USMMMNCH,20131022,08:30:00,2,5,7,15,0,13,-1,
USURTOT,20131022,08:30:00,7.2,7.3,7.3,7.4,7.1,NA,NA,
AWH TOTL,20131022,08:30:00,34.5,34.5,34.5,34.6,34.5,34.5,0,
AHE YOY,20131022,08:30:00,2.1,2.1,2.1,2.2,2,2.3,0.1,
AHE MOM,20131022,08:30:00,0.1,0.2,0.2,0.3,0.1,0.3,0.1,
USEMNCHG,20131022,08:30:00,133,NA,NA,NA,NA,NA,NA,
PRUSTOT,20131022,08:30:00,63.2,NA,NA,NA,NA,NA,NA,
USUDMAER,20131022,08:30:00,13.6,NA,NA,NA,NA,NA,NA,
NFP TCH,20131108,08:30:00,204,120,119,175,50,163,15,
NFP PCH,20131108,08:30:00,212,125,128,176,70,150,24,
USMMMNCH,20131108,08:30:00,19,5,3,10,-6,4,2,
USURTOT,20131108,08:30:00,7.3,7.3,7.4,7.6,7.2,NA,NA,
AWH TOTL,20131108,08:30:00,34.4,34.5,34.4,34.5,34.2,34.4,-0.1,
AHE YOY,20131108,08:30:00,2.2,2.3,2.3,2.4,2.2,2,-0.1,
AHE MOM,20131108,08:30:00,0.1,0.2,0.2,0.2,0.1,0.1,0,
USEMNCHG,20131108,08:30:00,-735,NA,NA,NA,NA,NA,NA,
PRUSTOT,20131108,08:30:00,62.8,NA,NA,NA,NA,NA,NA,
USUDMAER,20131108,08:30:00,13.8,NA,NA,NA,NA,NA,NA,
NFP TCH,20131206,08:30:00,203,185,183,230,115,200,-4,
NFP PCH,20131206,08:30:00,196,180,181,220,120,214,2,
USMMMNCH,20131206,08:30:00,27,10,10,30,0,16,-3,
USURTOT,20131206,08:30:00,7,7.2,7.2,7.5,7,NA,NA,
AWH TOTL,20131206,08:30:00,34.5,34.5,34.5,34.6,34.4,34.4,0,
AHE YOY,20131206,08:30:00,2,2,2,2.2,2,2.2,0,
AHE MOM,20131206,08:30:00,0.2,0.2,0.2,0.4,0.1,0.1,0,
USEMNCHG,20131206,08:30:00,818,735,773,885,700,NA,NA,
PRUSTOT,20131206,08:30:00,63,NA,NA,NA,NA,NA,NA,
USUDMAER,20131206,08:30:00,13.2,NA,NA,NA,NA,NA,NA,
NFP TCH,20140110,08:30:00,74,197,196,250,100,241,38,
NFP PCH,20140110,08:30:00,87,200,198,250,105,226,30,
USMMMNCH,20140110,08:30:00,9,15,18,47,10,31,4,
USURTOT,20140110,08:30:00,6.7,7,7,7.5,6.8,NA,NA,
AWH TOTL,20140110,08:30:00,34.4,34.5,34.5,34.6,34.4,34.5,0,
AHE YOY,20140110,08:30:00,1.8,1.9,1.8,2,0.9,2,0,
AHE MOM,20140110,08:30:00,0.1,0.2,0.2,0.3,0.1,0.2,0,
USEMNCHG,20140110,08:30:00,143,NA,NA,NA,NA,NA,NA,
PRUSTOT,20140110,08:30:00,62.8,NA,NA,NA,NA,NA,NA,
USUDMAER,20140110,08:30:00,13.1,NA,NA,NA,NA,NA,NA,
NFP TCH,20140207,08:30:00,113,180,181,270,105,75,1,
NFP PCH,20140207,08:30:00,142,185,186,280,85,89,2,
USMMMNCH,20140207,08:30:00,21,10,9,15,-12,8,-1,
USURTOT,20140207,08:30:00,6.6,6.7,6.7,6.9,6.5,NA,NA,
AWH TOTL,20140207,08:30:00,34.4,34.4,34.4,34.6,34.4,34.4,0,
AHE YOY,20140207,08:30:00,1.9,1.8,1.8,2,1.7,1.9,0.1,
AHE MOM,20140207,08:30:00,0.2,0.2,0.2,0.3,0,0,-0.1,
USEMNCHG,20140207,08:30:00,638,NA,NA,NA,NA,NA,NA,
PRUSTOT,20140207,08:30:00,63,NA,NA,NA,NA,NA,NA,
USUDMAER,20140207,08:30:00,12.7,NA,NA,NA,NA,NA,NA,
NFP TCH,20140307,08:30:00,175,149,149,220,100,129,16,
NFP PCH,20140307,08:30:00,162,145,146,208,95,145,3,
USMMMNCH,20140307,08:30:00,6,5,4,15,-10,6,-15,
USURTOT,20140307,08:30:00,6.7,6.6,6.6,6.9,6.4,NA,NA,
AWH TOTL,20140307,08:30:00,34.2,34.4,34.4,34.5,34.2,34.3,-0.1,
AHE YOY,20140307,08:30:00,2.2,2,2,2.1,1.9,2,0.1,
AHE MOM,20140307,08:30:00,0.4,0.2,0.2,0.2,0.1,0.2,0,
USEMNCHG,20140307,08:30:00,42,NA,NA,NA,NA,NA,NA,
PRUSTOT,20140307,08:30:00,63,NA,NA,NA,NA,NA,NA,
USUDMAER,20140307,08:30:00,12.6,NA,NA,NA,NA,NA,NA,
NFP TCH,20140404,08:30:00,192,200,206,275,150,197,22,
NFP PCH,20140404,08:30:00,192,200,202,275,140,188,26,
USMMMNCH,20140404,08:30:00,-1,7,7,15,0,19,13,
USURTOT,20140404,08:30:00,6.7,6.6,6.6,6.7,6.5,NA,NA,
AWH TOTL,20140404,08:30:00,34.5,34.4,34.4,34.5,34.2,34.3,0.1,
AHE YOY,20140404,08:30:00,2.1,2.3,2.3,2.5,2,2.2,0,
AHE MOM,20140404,08:30:00,0,0.2,0.1,0.4,0,0.4,0,
USEMNCHG,20140404,08:30:00,476,210,300,490,200,NA,NA,
PRUSTOT,20140404,08:30:00,63.2,NA,NA,NA,NA,NA,NA,
USUDMAER,20140404,08:30:00,12.7,NA,NA,NA,NA,NA,NA,
NFP TCH,20140502,08:30:00,288,218,216,292,155,203,11,
NFP PCH,20140502,08:30:00,273,215,214,250,140,202,10,
USMMMNCH,20140502,08:30:00,12,8,8,15,0,7,8,
USURTOT,20140502,08:30:00,6.3,6.6,6.6,6.8,6.5,NA,NA,
AWH TOTL,20140502,08:30:00,34.5,34.5,34.5,34.6,34.4,34.5,0,
AHE YOY,20140502,08:30:00,1.9,2.1,2.1,2.1,2,1.9,-0.2,
AHE MOM,20140502,08:30:00,0,0.2,0.2,0.3,0,0.1,0.1,
USEMNCHG,20140502,08:30:00,-73,250,315,450,245,NA,NA,
PRUSTOT,20140502,08:30:00,62.8,NA,NA,NA,NA,NA,NA,
USUDMAER,20140502,08:30:00,12.3,NA,NA,NA,NA,NA,NA,
NFP TCH,20140606,08:30:00,217,215,215,350,110,282,-6,
NFP PCH,20140606,08:30:00,216,210,209,234,175,270,-3,
USMMMNCH,20140606,08:30:00,10,10,10,15,2,4,-8,
USURTOT,20140606,08:30:00,6.3,6.4,6.4,6.6,6.1,NA,NA,
AWH TOTL,20140606,08:30:00,34.5,34.5,34.5,34.5,34.4,34.5,0,
AHE YOY,20140606,08:30:00,2.1,2,2,2.2,1.9,2,0.1,
AHE MOM,20140606,08:30:00,0.2,0.2,0.2,0.4,0.1,0,0,
USEMNCHG,20140606,08:30:00,145,NA,NA,NA,NA,NA,NA,
PRUSTOT,20140606,08:30:00,62.8,NA,NA,NA,NA,NA,NA,
USUDMAER,20140606,08:30:00,12.2,NA,NA,NA,NA,NA,NA,
NFP TCH,20140703,08:30:00,288,215,216,290,145,224,7,
NFP PCH,20140703,08:30:00,262,215,214,285,140,224,8,
USMMMNCH,20140703,08:30:00,16,10,9,15,4,11,1,
USURTOT,20140703,08:30:00,6.1,6.3,6.3,6.4,6.2,NA,NA,
AWH TOTL,20140703,08:30:00,34.5,34.5,34.5,34.6,34.5,34.5,0,
AHE YOY,20140703,08:30:00,2,1.9,1.9,2,1.8,2.1,0,
AHE MOM,20140703,08:30:00,0.2,0.2,0.2,0.3,0.1,0.2,0,
USEMNCHG,20140703,08:30:00,407,NA,NA,NA,NA,NA,NA,
PRUSTOT,20140703,08:30:00,62.8,NA,NA,NA,NA,NA,NA,
USUDMAER,20140703,08:30:00,12.1,NA,NA,NA,NA,NA,NA,
NFP TCH,20140801,08:30:00,209,230,232,310,160,298,10,
NFP PCH,20140801,08:30:00,198,227,226,275,145,270,8,
USMMMNCH,20140801,08:30:00,28,15,14,25,7,23,7,
USURTOT,20140801,08:30:00,6.2,6.1,6.1,6.3,6,NA,NA,
AWH TOTL,20140801,08:30:00,34.5,34.5,34.5,34.6,34.5,34.5,0,
AHE YOY,20140801,08:30:00,2,2.2,2.2,2.3,1.7,1.9,-0.1,
AHE MOM,20140801,08:30:00,0,0.2,0.2,0.3,0.2,0.2,0,
USEMNCHG,20140801,08:30:00,131,NA,NA,NA,NA,NA,NA,
PRUSTOT,20140801,08:30:00,62.9,NA,NA,NA,NA,NA,NA,
USUDMAER,20140801,08:30:00,12.2,NA,NA,NA,NA,NA,NA,
NFP TCH,20140905,08:30:00,142,230,226,310,140,212,3,
NFP PCH,20140905,08:30:00,134,214,213,250,175,213,15,
USMMMNCH,20140905,08:30:00,0,18,17,30,5,28,0,
USURTOT,20140905,08:30:00,6.1,6.1,6.1,6.2,6,NA,NA,
AWH TOTL,20140905,08:30:00,34.5,34.5,34.5,34.6,34.5,34.5,0,
AHE YOY,20140905,08:30:00,2.1,2.1,2.1,2.1,2,2.1,0.1,
AHE MOM,20140905,08:30:00,0.2,0.2,0.2,0.3,0.1,0.1,0.1,
USEMNCHG,20140905,08:30:00,16,238,256,350,200,NA,NA,
PRUSTOT,20140905,08:30:00,62.8,NA,NA,NA,NA,NA,NA,
USUDMAER,20140905,08:30:00,12,NA,NA,NA,NA,NA,NA,
NFP TCH,20141003,08:30:00,248,215,216,265,155,180,38,
NFP PCH,20141003,08:30:00,236,210,210,255,140,175,41,
USMMMNCH,20141003,08:30:00,4,15,14,25,5,-4,-4,
USURTOT,20141003,08:30:00,5.9,6.1,6.1,6.2,6,NA,NA,
AWH TOTL,20141003,08:30:00,34.6,34.5,34.5,34.5,34.5,34.5,0,
AHE YOY,20141003,08:30:00,2,2.2,2.2,2.3,2.1,2.1,0,
AHE MOM,20141003,08:30:00,0,0.2,0.2,0.3,0.1,0.3,0.1,
USEMNCHG,20141003,08:30:00,232,235,255,300,230,NA,NA,
PRUSTOT,20141003,08:30:00,62.7,NA,NA,NA,NA,NA,NA,
USUDMAER,20141003,08:30:00,11.8,NA,NA,NA,NA,NA,NA,
NFP TCH,20141107,08:30:00,214,235,237,314,140,256,8,
NFP PCH,20141107,08:30:00,209,225,226,265,120,244,8,
USMMMNCH,20141107,08:30:00,15,10,10,17,-1,9,5,
USURTOT,20141107,08:30:00,5.8,5.9,5.9,6.1,5.8,NA,NA,
AWH TOTL,20141107,08:30:00,34.6,34.6,34.6,34.6,34.5,34.5,-0.1,
AHE YOY,20141107,08:30:00,2,2.1,2.1,2.2,2,2,0,
AHE MOM,20141107,08:30:00,0.1,0.2,0.2,0.3,0.1,0,0,
USEMNCHG,20141107,08:30:00,683,NA,NA,NA,NA,NA,NA,
PRUSTOT,20141107,08:30:00,62.8,NA,NA,NA,NA,NA,NA,
USUDMAER,20141107,08:30:00,11.5,NA,NA,NA,NA,NA,NA,
NFP TCH,20141205,08:30:00,321,230,229,306,140,243,29,
NFP PCH,20141205,08:30:00,314,225,222,259,175,236,27,
USMMMNCH,20141205,08:30:00,28,15,13,25,5,20,5,
USURTOT,20141205,08:30:00,5.8,5.8,5.8,5.9,5.6,NA,NA,
AWH TOTL,20141205,08:30:00,34.6,34.6,34.6,34.6,34.5,34.5,-0.1,
AHE YOY,20141205,08:30:00,2.1,2.1,2.1,2.3,1.9,2,0,
AHE MOM,20141205,08:30:00,0.4,0.2,0.2,0.4,0.2,0.1,0,
USEMNCHG,20141205,08:30:00,4,320,320,400,240,NA,NA,
PRUSTOT,20141205,08:30:00,62.8,NA,NA,NA,NA,NA,NA,
USUDMAER,20141205,08:30:00,11.4,NA,NA,NA,NA,NA,NA,
NFP TCH,20150109,08:30:00,252,240,235,305,160,353,32,
NFP PCH,20150109,08:30:00,240,228,224,295,170,345,31,
USMMMNCH,20150109,08:30:00,17,15,14,23,5,29,1,
USURTOT,20150109,08:30:00,5.6,5.7,5.7,5.8,5.6,NA,NA,
AWH TOTL,20150109,08:30:00,34.6,34.6,34.6,34.6,34.5,34.6,0,
AHE YOY,20150109,08:30:00,1.7,2.2,2.2,2.3,2.1,1.9,-0.2,
AHE MOM,20150109,08:30:00,-0.2,0.2,0.2,0.4,0,0.2,-0.2,
USEMNCHG,20150109,08:30:00,111,310,300,350,240,NA,NA,
PRUSTOT,20150109,08:30:00,62.7,NA,NA,NA,NA,NA,NA,
USUDMAER,20150109,08:30:00,11.2,NA,NA,NA,NA,NA,NA,
NFP TCH,20150206,08:30:00,257,228,229,286,180,329,77,
NFP PCH,20150206,08:30:00,267,222,223,274,165,320,80,
USMMMNCH,20150206,08:30:00,22,12,12,25,-5,26,9,
USURTOT,20150206,08:30:00,5.7,5.6,5.6,5.7,5.4,NA,NA,
AWH TOTL,20150206,08:30:00,34.6,34.6,34.6,34.6,34.5,34.6,0,
AHE YOY,20150206,08:30:00,2.2,1.9,1.8,1.9,1.7,1.9,0.2,
AHE MOM,20150206,08:30:00,0.5,0.3,0.3,0.5,0.1,-0.2,0,
USEMNCHG,20150206,08:30:00,759,250,277,350,230,NA,NA,
PRUSTOT,20150206,08:30:00,62.9,62.7,62.7,62.7,62.7,NA,NA,
USUDMAER,20150206,08:30:00,11.3,NA,NA,NA,NA,NA,NA,
NFP TCH,20150306,08:30:00,295,235,235,370,150,239,-18,
NFP PCH,20150306,08:30:00,288,225,224,270,130,237,-30,
USMMMNCH,20150306,08:30:00,8,10,11,20,0,21,-1,
USURTOT,20150306,08:30:00,5.5,5.6,5.6,5.8,5.5,NA,NA,
AWH TOTL,20150306,08:30:00,34.6,34.6,34.6,34.6,33.8,34.6,0,
AHE YOY,20150306,08:30:00,2,2.2,2.2,2.3,2.1,2.2,0,
AHE MOM,20150306,08:30:00,0.1,0.2,0.2,0.3,-0.1,0.5,0,
USEMNCHG,20150306,08:30:00,96,250,227,260,170,NA,NA,
PRUSTOT,20150306,08:30:00,62.8,62.9,62.9,63,62.9,NA,NA,
USUDMAER,20150306,08:30:00,11,NA,NA,NA,NA,NA,NA,
NFP TCH,20150403,08:30:00,126,245,245,300,179,264,-31,
NFP PCH,20150403,08:30:00,129,235,234,278,174,264,-24,
USMMMNCH,20150403,08:30:00,-1,10,9,15,2,2,-6,
USURTOT,20150403,08:30:00,5.5,5.5,5.5,5.6,5.4,NA,NA,
AWH TOTL,20150403,08:30:00,34.5,34.6,34.6,34.7,34.5,34.6,0,
AHE YOY,20150403,08:30:00,2.1,2,2,2.2,2,2,0,
AHE MOM,20150403,08:30:00,0.3,0.2,0.2,0.3,0.1,0.1,0,
USEMNCHG,20150403,08:30:00,34,245,260,350,200,NA,NA,
PRUSTOT,20150403,08:30:00,62.7,62.8,62.8,62.9,62.8,NA,NA,
USUDMAER,20150403,08:30:00,10.9,NA,NA,NA,NA,NA,NA,
NFP TCH,20150508,08:30:00,223,228,228,327,175,85,-41,
NFP PCH,20150508,08:30:00,213,225,228,310,155,94,-35,
USMMMNCH,20150508,08:30:00,1,5,4,16,-8,0,1,
USURTOT,20150508,08:30:00,5.4,5.4,5.4,5.6,5.3,NA,NA,
AWH TOTL,20150508,08:30:00,34.5,34.5,34.5,34.6,34.5,34.5,0,
AHE YOY,20150508,08:30:00,2.2,2.3,2.3,2.4,2.1,2.1,0,
AHE MOM,20150508,08:30:00,0.1,0.2,0.2,0.4,0.1,0.2,-0.1,
USEMNCHG,20150508,08:30:00,192,NA,NA,NA,NA,NA,NA,
PRUSTOT,20150508,08:30:00,62.8,NA,NA,NA,NA,NA,NA,
USUDMAER,20150508,08:30:00,10.8,NA,NA,NA,NA,NA,NA,
NFP TCH,20150605,08:30:00,280,226,226,305,140,221,-2,
NFP PCH,20150605,08:30:00,262,220,217,275,145,206,-7,
USMMMNCH,20150605,08:30:00,7,5,3,15,-15,1,0,
USURTOT,20150605,08:30:00,5.5,5.4,5.4,5.5,5.3,NA,NA,
AWH TOTL,20150605,08:30:00,34.5,34.5,34.5,34.6,34.5,34.5,0,
AHE YOY,20150605,08:30:00,2.3,2.2,2.2,2.3,2.1,2.2,0,
AHE MOM,20150605,08:30:00,0.3,0.2,0.2,0.4,0.1,0.1,0,
USEMNCHG,20150605,08:30:00,272,NA,NA,NA,NA,NA,NA,
PRUSTOT,20150605,08:30:00,62.9,NA,NA,NA,NA,NA,NA,
USUDMAER,20150605,08:30:00,10.8,NA,NA,NA,NA,NA,NA,
NFP TCH,20150702,08:30:00,223,233,234,350,160,254,-26,
NFP PCH,20150702,08:30:00,223,225,224,255,145,250,-12,
USMMMNCH,20150702,08:30:00,4,6,7,15,-2,7,0,
USURTOT,20150702,08:30:00,5.3,5.4,5.4,5.5,5.3,NA,NA,
AWH TOTL,20150702,08:30:00,34.5,34.5,34.5,34.6,34.5,34.5,0,
AHE YOY,20150702,08:30:00,2,2.3,2.3,2.4,2.1,2.3,0,
AHE MOM,20150702,08:30:00,0,0.2,0.2,0.3,0.1,0.2,-0.1,
USEMNCHG,20150702,08:30:00,-56,NA,NA,NA,NA,NA,NA,
PRUSTOT,20150702,08:30:00,62.6,62.9,62.9,62.9,62.8,NA,NA,
USUDMAER,20150702,08:30:00,10.5,10.7,10.6,10.7,10.5,NA,NA,
NFP TCH,20150807,08:30:00,215,225,222,310,140,231,8,
NFP PCH,20150807,08:30:00,210,212,214,240,125,227,4,
USMMMNCH,20150807,08:30:00,15,5,5,12,-2,2,-2,
USURTOT,20150807,08:30:00,5.3,5.3,5.3,5.4,5.2,NA,NA,
AWH TOTL,20150807,08:30:00,34.6,34.5,34.5,34.6,34.5,34.5,0,
AHE YOY,20150807,08:30:00,2.1,2.3,2.2,2.3,2,2,0,
AHE MOM,20150807,08:30:00,0.2,0.2,0.2,0.3,0.1,0,0,
USEMNCHG,20150807,08:30:00,101,NA,NA,NA,NA,NA,NA,
PRUSTOT,20150807,08:30:00,62.6,62.6,62.7,62.8,62.6,NA,NA,
USUDMAER,20150807,08:30:00,10.4,10.5,10.5,10.6,10.4,NA,NA,
NFP TCH,20150904,08:30:00,173,217,212,253,130,245,30,
NFP PCH,20150904,08:30:00,140,204,202,251,110,224,14,
USMMMNCH,20150904,08:30:00,-17,5,5,18,-6,12,-3,
USURTOT,20150904,08:30:00,5.1,5.2,5.2,5.4,5.1,NA,NA,
AWH TOTL,20150904,08:30:00,34.6,34.5,34.5,34.6,34.5,34.6,0,
AHE YOY,20150904,08:30:00,2.2,2.1,2.1,2.2,2,2.2,0.1,
AHE MOM,20150904,08:30:00,0.3,0.2,0.2,0.4,0.2,0.2,0,
USEMNCHG,20150904,08:30:00,196,300,327,450,230,NA,NA,
PRUSTOT,20150904,08:30:00,62.6,62.7,62.7,62.7,62.6,NA,NA,
USUDMAER,20150904,08:30:00,10.3,NA,NA,NA,NA,NA,NA,
NFP TCH,20151002,08:30:00,142,200,202,256,75,136,-37,
NFP PCH,20151002,08:30:00,118,197,197,245,145,100,-40,
USMMMNCH,20151002,08:30:00,-9,0,-2,6,-20,-18,-1,
USURTOT,20151002,08:30:00,5.1,5.1,5.1,5.4,5,NA,NA,
AWH TOTL,20151002,08:30:00,34.5,34.6,34.6,34.6,34.5,34.6,0,
AHE YOY,20151002,08:30:00,2.2,2.4,2.3,2.5,2,2.2,0,
AHE MOM,20151002,08:30:00,0,0.2,0.2,0.3,0,0.4,0.1,
USEMNCHG,20151002,08:30:00,-236,NA,NA,NA,NA,NA,NA,
PRUSTOT,20151002,08:30:00,62.4,NA,NA,NA,NA,NA,NA,
USUDMAER,20151002,08:30:00,10,NA,NA,NA,NA,NA,NA,
NFP TCH,20151106,08:30:00,271,185,183,250,75,137,-5,
NFP PCH,20151106,08:30:00,268,169,171,215,130,149,31,
USMMMNCH,20151106,08:30:00,0,-5,-4,5,-15,-9,0,
USURTOT,20151106,08:30:00,5,5,5,5.3,4.9,NA,NA,
AWH TOTL,20151106,08:30:00,34.5,34.5,34.5,34.6,34.5,34.5,0,
AHE YOY,20151106,08:30:00,2.5,2.3,2.3,2.4,2.1,2.3,0.1,
AHE MOM,20151106,08:30:00,0.4,0.2,0.2,0.4,0.1,0,0,
USEMNCHG,20151106,08:30:00,320,188,198,250,165,NA,NA,
PRUSTOT,20151106,08:30:00,62.4,62.4,62.4,62.4,62.3,NA,NA,
USUDMAER,20151106,08:30:00,9.8,9.9,9.9,9.9,9.9,NA,NA,
NFP TCH,20151204,08:30:00,211,200,201,275,130,298,27,
NFP PCH,20151204,08:30:00,197,190,190,264,115,304,36,
USMMMNCH,20151204,08:30:00,-1,0,0,10,-5,1,1,
USURTOT,20151204,08:30:00,5,5,5,5.3,4.9,NA,NA,
AWH TOTL,20151204,08:30:00,34.5,34.5,34.5,34.6,34.5,34.6,0.1,
AHE YOY,20151204,08:30:00,2.3,2.3,2.3,2.4,2.2,2.5,0,
AHE MOM,20151204,08:30:00,0.2,0.2,0.2,0.4,0.1,0.4,0,
USEMNCHG,20151204,08:30:00,244,225,208,240,160,NA,NA,
PRUSTOT,20151204,08:30:00,62.5,62.4,62.4,62.5,62.4,NA,NA,
USUDMAER,20151204,08:30:00,9.9,9.7,9.7,9.8,9.7,NA,NA,
NFP TCH,20160108,08:30:00,292,200,203,250,135,252,41,
NFP PCH,20160108,08:30:00,275,201,198,230,135,240,43,
USMMMNCH,20160108,08:30:00,8,-2,-2,10,-10,2,3,
USURTOT,20160108,08:30:00,5,5,5,5.2,4.9,NA,NA,
AWH TOTL,20160108,08:30:00,34.5,34.5,34.5,34.6,34.4,34.5,0,
AHE YOY,20160108,08:30:00,2.5,2.7,2.7,2.9,2.6,2.3,0,
AHE MOM,20160108,08:30:00,0,0.2,0.2,0.3,0,0.2,0,
USEMNCHG,20160108,08:30:00,485,NA,NA,NA,NA,34,-210,
PRUSTOT,20160108,08:30:00,62.6,62.5,62.5,62.5,62.4,NA,NA,
USUDMAER,20160108,08:30:00,9.9,NA,NA,NA,NA,NA,NA,
NFP TCH,20160205,08:30:00,151,190,193,260,142,262,-30,
NFP PCH,20160205,08:30:00,158,180,183,235,155,251,-24,
USMMMNCH,20160205,08:30:00,29,-2,-2,5,-7,13,5,
USURTOT,20160205,08:30:00,4.9,5,5,5.1,4.8,NA,NA,
AWH TOTL,20160205,08:30:00,34.6,34.5,34.5,34.5,33.7,34.5,0,
AHE YOY,20160205,08:30:00,2.5,2.2,2.3,2.7,2.1,2.7,0.2,
AHE MOM,20160205,08:30:00,0.5,0.3,0.3,0.4,0.1,0,0,
USEMNCHG,20160205,08:30:00,615,NA,NA,NA,NA,317,-168,
PRUSTOT,20160205,08:30:00,62.7,62.7,62.7,62.7,62.6,NA,NA,
USUDMAER,20160205,08:30:00,9.9,NA,NA,NA,NA,NA,NA,
NFP TCH,20160304,08:30:00,242,195,193,245,70,172,21,
NFP PCH,20160304,08:30:00,230,190,190,235,135,182,24,
USMMMNCH,20160304,08:30:00,-16,-1,-1,20,-19,23,-6,
USURTOT,20160304,08:30:00,4.9,4.9,4.9,5,4.8,NA,NA,
AWH TOTL,20160304,08:30:00,34.4,34.6,34.6,34.6,34.5,34.6,0,
AHE YOY,20160304,08:30:00,2.2,2.5,2.5,2.6,2.4,2.5,0,
AHE MOM,20160304,08:30:00,-0.1,0.2,0.2,0.4,0,0.5,0,
USEMNCHG,20160304,08:30:00,530,175,184,210,168,-51,-666,
PRUSTOT,20160304,08:30:00,62.9,62.8,62.8,62.8,62.7,NA,NA,
USUDMAER,20160304,08:30:00,9.7,NA,NA,NA,NA,NA,NA,
NFP TCH,20160401,08:30:00,215,205,202,250,100,245,3,
NFP PCH,20160401,08:30:00,195,190,194,245,105,236,6,
USMMMNCH,20160401,08:30:00,-29,2,1,6,-10,-18,-2,
USURTOT,20160401,08:30:00,5,4.9,4.9,5,4.8,NA,NA,
AWH TOTL,20160401,08:30:00,34.4,34.5,34.5,34.5,34.4,34.4,0,
AHE YOY,20160401,08:30:00,2.3,2.2,2.2,2.4,2,2.3,0.1,
AHE MOM,20160401,08:30:00,0.3,0.2,0.2,0.5,0.1,-0.1,0,
USEMNCHG,20160401,08:30:00,246,180,177,205,145,958,428,
PRUSTOT,20160401,08:30:00,63,62.9,62.9,62.9,62.9,NA,NA,
USUDMAER,20160401,08:30:00,9.8,NA,NA,NA,NA,NA,NA,
NFP TCH,20160506,08:30:00,160,200,205,315,160,208,-7,
NFP PCH,20160506,08:30:00,171,195,195,242,150,184,-11,
USMMMNCH,20160506,08:30:00,4,-5,-4,22,-20,-29,0,
USURTOT,20160506,08:30:00,5,4.9,4.9,5.1,4.8,NA,NA,
AWH TOTL,20160506,08:30:00,34.5,34.5,34.5,34.5,34.4,34.4,0,
AHE YOY,20160506,08:30:00,2.5,2.4,2.4,2.5,2.3,2.3,0,
AHE MOM,20160506,08:30:00,0.3,0.3,0.3,0.4,0.1,0.2,-0.1,
USEMNCHG,20160506,08:30:00,-316,170,160,200,110,71,-175,
PRUSTOT,20160506,08:30:00,62.8,63,62.4,63,60,NA,NA,
USUDMAER,20160506,08:30:00,9.7,NA,NA,NA,NA,NA,NA,
NFP TCH,20160603,08:30:00,38,160,161,215,90,123,-37,
NFP PCH,20160603,08:30:00,25,150,152,195,105,130,-41,
USMMMNCH,20160603,08:30:00,-10,-2,-2,10,-10,2,-2,
USURTOT,20160603,08:30:00,4.7,4.9,4.9,5.1,4.9,NA,NA,
AWH TOTL,20160603,08:30:00,34.4,34.5,34.5,34.5,34.2,34.4,-0.1,
AHE YOY,20160603,08:30:00,2.5,2.5,2.5,2.5,2.3,2.5,0,
AHE MOM,20160603,08:30:00,0.2,0.2,0.2,0.4,0.1,0.4,0.1,
USEMNCHG,20160603,08:30:00,26,NA,NA,NA,NA,247,563,
USUDMAER,20160603,08:30:00,9.7,NA,NA,NA,NA,NA,NA,
